4294967278,12
4294967278,14
4294967278,13
4294967278,363
4294967278,362
4294967279,549
4294967278,255
4294967279,548
4294967278,361
4294967278,18
4294967278,17
4294967278,16
4294967278,15
4294967278,360
4294967279,547
4294967278,359
4294967278,252
4294967279,546
4294967278,251
4294967278,26
4294967278,25
4294967278,24
4294967278,23
4294967278,22
4294967278,21
4294967278,20
4294967278,19
4294967278,249
4294967279,545
4294967278,247
4294967278,245
4294967278,243
4294967278,240
4294967278,39
4294967278,38
4294967278,37
4294967278,36
4294967278,35
4294967278,34
4294967278,33
4294967278,32
4294967278,31
4294967278,30
4294967278,29
4294967278,28
4294967278,27
4294967279,37
4294967279,35
4294967279,33
4294967279,32
4294967279,30
4294967279,27
4294967279,26
4294967279,23
4294967279,21
4294967279,18
4294967279,16
4294967279,15
4294967279,13
4294967279,544
4294967278,358
4294967279,543
4294967294,89
4294967278,235
10,3
4294967278,232
4294967278,233
4294967278,230
4294967278,228
4294967278,229
4294967278,226
4294967278,222
4294967278,216
16,6
4294967278,220
16,5
16,4
4294967278,218
16,3
16,2
16,1
4294967278,217
4294967278,215
4294967294,904
4294967294,186
4294967294,903
4294967278,357
5,3
4294967279,542
4294967278,356
4294967278,211
4294967294,38
4294967294,37
4294967294,36
4294967294,39
4294967294,973
4294967294,967
4294967279,541
4294967278,210
4294967278,355
4294967278,209
4294967278,208
4294967278,205
4294967278,207
4294967278,206
4294967278,354
4294967294,40
4294967294,99
4294967294,76
4294967294,107
4294967278,204
4294967294,94
4294967294,96
4294967278,203
14,4
14,2
14,1
4294967279,540
4294967294,9
4294967278,202
4294967294,8
0,7
4294967294,1
4294967294,46
4294967294,0
4294967294,393
4294967294,45
4294967294,427
4294967294,44
4294967294,53
4294967294,950
4294967294,921
4294967294,949
4294967294,29
4294967294,419
4294967294,28
4294967294,946
4294967294,91
4294967294,90
4294967294,87
4294967294,86
4294967294,85
4294967294,84
4294967294,82
4294967294,42
2,4
4294967278,353
4294967279,539
4294967279,538
4294967278,352
4294967279,537
4294967278,351
4294967279,536
4294967279,10
4294967278,350
4294967279,535
4294967294,1416
4294967278,197
4294967279,534
4294967278,349
4294967279,533
4294967278,348
4294967279,532
4294967278,347
4294967278,346
4294967279,531
4294967278,345
4294967279,530
4294967278,344
4294967279,529
4294967278,343
4294967279,528
4294967278,342
4294967279,527
4294967278,341
4294967279,526
4294967278,340
4294967279,525
4294967278,339
4294967279,524
4294967278,338
4294967279,523
4294967294,43
4294967294,417
4294967294,51
4294967294,52
4294967294,30
4294967294,942
4294967294,941
4294967294,939
4294967294,938
4294967294,933
4294967294,922
4294967294,436
4294967294,830
4294967294,829
4294967294,828
4294967294,827
4294967294,60
4294967278,337
4294967279,522
5,2
4294967294,1414
4294967294,83
4294967294,92
4294967294,88
4294967278,336
4294967279,521
4294967278,335
4294967279,520
4294967278,334
4294967279,519
4294967278,333
4294967279,518
4294967278,332
4294967279,517
4294967278,331
4294967279,516
4294967278,330
4294967279,515
4294967278,329
4294967279,514
4294967278,328
4294967279,513
4294967278,327
4294967279,512
4294967278,326
4294967279,319
4294967278,325
4294967279,318
4294967278,324
4294967279,317
4294967278,323
4294967279,316
4294967278,322
4294967279,315
4294967278,321
4294967279,314
4294967278,167
4294967278,166
4294967278,320
4294967279,313
4294967278,319
4294967278,301
4294967279,312
4294967278,318
4294967278,300
4294967279,311
4294967278,317
4294967278,299
4294967279,310
4294967278,158
4294967278,297
4294967278,316
4294967278,315
4294967279,309
4294967278,314
4294967278,260
4294967278,0
4294967279,308
4294967279,260
4294967279,0
4294967279,300
4294967294,93
4294967294,95
4294967294,50
4294967294,424
4294967294,12
4294967294,920
4294967294,27
4294967279,149
4294967294,5
4294967279,297
4294967279,146
10,4
4294967294,17
4294967294,67
4294967294,41
4294967294,25
4294967294,470
4294967294,471
4294967294,26
4294967294,970
5,4
0,5
5,5
4294967294,7
4294967294,6
4294967294,22
4294967294,81
4294967294,11
4294967294,68
4294967278,132
4294967278,131
4294967278,130
4294967278,129
4294967278,128
4294967278,127
4294967278,126
4294967278,125
4294967278,124
